2.938222000000000000e+06
2.938222000000000000e+06
2.938222000000000000e+06
2.938222000000000000e+06
2.938222000000000000e+06
2.938222000000000000e+06
2.880043000000000000e+06
2.880043000000000000e+06
2.880043000000000000e+06
2.880043000000000000e+06
2.880043000000000000e+06
2.880043000000000000e+06
2.869369000000000000e+06
2.869369000000000000e+06
2.869369000000000000e+06
2.869369000000000000e+06
2.869369000000000000e+06
2.869369000000000000e+06
2.869369000000000000e+06
2.869369000000000000e+06
2.869369000000000000e+06
2.869369000000000000e+06
