5.263200000000000000e+04
5.261700000000000000e+04
5.261700000000000000e+04
5.220700000000000000e+04
5.220700000000000000e+04
5.219900000000000000e+04
5.219900000000000000e+04
5.219900000000000000e+04
5.211700000000000000e+04
5.211700000000000000e+04
5.211700000000000000e+04
5.211700000000000000e+04
5.211700000000000000e+04
5.211700000000000000e+04
5.208800000000000000e+04
5.208800000000000000e+04
5.208800000000000000e+04
5.208800000000000000e+04
5.199600000000000000e+04
5.199600000000000000e+04
5.199600000000000000e+04
5.199600000000000000e+04
5.199600000000000000e+04
5.199600000000000000e+04
5.199600000000000000e+04
5.199600000000000000e+04
5.199600000000000000e+04
5.199600000000000000e+04
